fcstDate	fcstTime	category	fcstValue
20251113	2100	TMP	8
20251113	2100	UUU	1.2
20251113	2100	VVV	-1.9
20251113	2100	VEC	328
20251113	2100	WSD	2.2
20251113	2100	SKY	1
20251113	2100	PTY	0
20251113	2100	POP	0
20251113	2100	WAV	-999
20251113	2100	PCP	강수없음
20251113	2100	REH	70
20251113	2100	SNO	적설없음
20251113	2200	TMP	7
20251113	2200	UUU	1.1
20251113	2200	VVV	-1.5
20251113	2200	VEC	324
20251113	2200	WSD	1.9
20251113	2200	SKY	1
20251113	2200	PTY	0
20251113	2200	POP	0
20251113	2200	WAV	-999
20251113	2200	PCP	강수없음
20251113	2200	REH	75
20251113	2200	SNO	적설없음
20251113	2300	TMP	6
20251113	2300	UUU	0.9
20251113	2300	VVV	-1.2
20251113	2300	VEC	323
20251113	2300	WSD	1.5
20251113	2300	SKY	1
20251113	2300	PTY	0
20251113	2300	POP	0
20251113	2300	WAV	-999
20251113	2300	PCP	강수없음
20251113	2300	REH	80
20251113	2300	SNO	적설없음
20251114	0000	TMP	6
20251114	0000	UUU	0.8
20251114	0000	VVV	-1
20251114	0000	VEC	321
20251114	0000	WSD	1.3
20251114	0000	SKY	1
20251114	0000	PTY	0
20251114	0000	POP	0
20251114	0000	WAV	-999
20251114	0000	PCP	강수없음
20251114	0000	REH	85
20251114	0000	SNO	적설없음
20251114	0100	TMP	5
20251114	0100	UUU	0.8
20251114	0100	VVV	-0.9
20251114	0100	VEC	318
20251114	0100	WSD	1.2
20251114	0100	SKY	1
20251114	0100	PTY	0
20251114	0100	POP	0
20251114	0100	WAV	-999
20251114	0100	PCP	강수없음
20251114	0100	REH	85
20251114	0100	SNO	적설없음
20251114	0200	TMP	4
20251114	0200	UUU	0.9
20251114	0200	VVV	-1
20251114	0200	VEC	318
20251114	0200	WSD	1.3
20251114	0200	SKY	1
20251114	0200	PTY	0
20251114	0200	POP	0
20251114	0200	WAV	-999
20251114	0200	PCP	강수없음
20251114	0200	REH	90
20251114	0200	SNO	적설없음
20251114	0300	TMP	4
20251114	0300	UUU	1
20251114	0300	VVV	-1
20251114	0300	VEC	315
20251114	0300	WSD	1.4
20251114	0300	SKY	1
20251114	0300	PTY	0
20251114	0300	POP	0
20251114	0300	WAV	-999
20251114	0300	PCP	강수없음
20251114	0300	REH	90
20251114	0300	SNO	적설없음
20251114	0400	TMP	4
20251114	0400	UUU	1
20251114	0400	VVV	-0.9
20251114	0400	VEC	312
20251114	0400	WSD	1.3
20251114	0400	SKY	1
20251114	0400	PTY	0
20251114	0400	POP	0
20251114	0400	WAV	-999
20251114	0400	PCP	강수없음
20251114	0400	REH	85
20251114	0400	SNO	적설없음
20251114	0500	TMP	3
20251114	0500	UUU	1
20251114	0500	VVV	-0.8
20251114	0500	VEC	309
20251114	0500	WSD	1.3
20251114	0500	SKY	1
20251114	0500	PTY	0
20251114	0500	POP	0
20251114	0500	WAV	-999
20251114	0500	PCP	강수없음
20251114	0500	REH	85
20251114	0500	SNO	적설없음
20251114	0600	TMP	3
20251114	0600	UUU	0.9
20251114	0600	VVV	-0.7
20251114	0600	VEC	308
20251114	0600	WSD	1.1
20251114	0600	SKY	1
20251114	0600	PTY	0
20251114	0600	POP	0
20251114	0600	WAV	-999
20251114	0600	PCP	강수없음
20251114	0600	REH	90
20251114	0600	SNO	적설없음
20251114	0600	TMN	1.0
20251114	0700	TMP	3
20251114	0700	UUU	0.9
20251114	0700	VVV	-0.7
20251114	0700	VEC	308
20251114	0700	WSD	1.1
20251114	0700	SKY	1
20251114	0700	PTY	0
20251114	0700	POP	0
20251114	0700	WAV	-999
20251114	0700	PCP	강수없음
20251114	0700	REH	85
20251114	0700	SNO	적설없음
20251114	0800	TMP	3
20251114	0800	UUU	0.9
20251114	0800	VVV	-0.8
20251114	0800	VEC	312
20251114	0800	WSD	1.2
20251114	0800	SKY	1
20251114	0800	PTY	0
20251114	0800	POP	0
20251114	0800	WAV	-999
20251114	0800	PCP	강수없음
20251114	0800	REH	85
20251114	0800	SNO	적설없음
20251114	0900	TMP	6
20251114	0900	UUU	1.3
20251114	0900	VVV	-1.6
20251114	0900	VEC	321
20251114	0900	WSD	2.1
20251114	0900	SKY	1
20251114	0900	PTY	0
20251114	0900	POP	0
20251114	0900	WAV	-999
20251114	0900	PCP	강수없음
20251114	0900	REH	70
20251114	0900	SNO	적설없음
20251114	1000	TMP	8
20251114	1000	UUU	1.6
20251114	1000	VVV	-1.6
20251114	1000	VEC	315
20251114	1000	WSD	2.3
20251114	1000	SKY	1
20251114	1000	PTY	0
20251114	1000	POP	0
20251114	1000	WAV	-999
20251114	1000	PCP	강수없음
20251114	1000	REH	60
20251114	1000	SNO	적설없음
20251114	1100	TMP	10
20251114	1100	UUU	2
20251114	1100	VVV	-1.4
20251114	1100	VEC	305
20251114	1100	WSD	2.4
20251114	1100	SKY	1
20251114	1100	PTY	0
20251114	1100	POP	0
20251114	1100	WAV	-999
20251114	1100	PCP	강수없음
20251114	1100	REH	55
20251114	1100	SNO	적설없음
20251114	1200	TMP	11
20251114	1200	UUU	2.3
20251114	1200	VVV	-1.4
20251114	1200	VEC	301
20251114	1200	WSD	2.7
20251114	1200	SKY	1
20251114	1200	PTY	0
20251114	1200	POP	0
20251114	1200	WAV	-999
20251114	1200	PCP	강수없음
20251114	1200	REH	50
20251114	1200	SNO	적설없음
20251114	1300	TMP	12
20251114	1300	UUU	2.4
20251114	1300	VVV	-1.3
20251114	1300	VEC	298
20251114	1300	WSD	2.7
20251114	1300	SKY	1
20251114	1300	PTY	0
20251114	1300	POP	0
20251114	1300	WAV	-999
20251114	1300	PCP	강수없음
20251114	1300	REH	45
20251114	1300	SNO	적설없음
20251114	1400	TMP	13
20251114	1400	UUU	2.4
20251114	1400	VVV	-1.1
20251114	1400	VEC	295
20251114	1400	WSD	2.6
20251114	1400	SKY	1
20251114	1400	PTY	0
20251114	1400	POP	0
20251114	1400	WAV	-999
20251114	1400	PCP	강수없음
20251114	1400	REH	45
20251114	1400	SNO	적설없음
20251114	1500	TMP	13
20251114	1500	UUU	2.4
20251114	1500	VVV	-0.9
20251114	1500	VEC	291
20251114	1500	WSD	2.6
20251114	1500	SKY	1
20251114	1500	PTY	0
20251114	1500	POP	0
20251114	1500	WAV	-999
20251114	1500	PCP	강수없음
20251114	1500	REH	45
20251114	1500	SNO	적설없음
20251114	1500	TMX	13.0
20251114	1600	TMP	12
20251114	1600	UUU	1.8
20251114	1600	VVV	-0.5
20251114	1600	VEC	286
20251114	1600	WSD	1.9
20251114	1600	SKY	1
20251114	1600	PTY	0
20251114	1600	POP	0
20251114	1600	WAV	-999
20251114	1600	PCP	강수없음
20251114	1600	REH	50
20251114	1600	SNO	적설없음
20251114	1700	TMP	10
20251114	1700	UUU	0.9
20251114	1700	VVV	0.2
20251114	1700	VEC	257
20251114	1700	WSD	0.9
20251114	1700	SKY	1
20251114	1700	PTY	0
20251114	1700	POP	0
20251114	1700	WAV	-999
20251114	1700	PCP	강수없음
20251114	1700	REH	65
20251114	1700	SNO	적설없음
20251114	1800	TMP	9
20251114	1800	UUU	1.1
20251114	1800	VVV	-0.5
20251114	1800	VEC	294
20251114	1800	WSD	1.2
20251114	1800	SKY	1
20251114	1800	PTY	0
20251114	1800	POP	0
20251114	1800	WAV	-999
20251114	1800	PCP	강수없음
20251114	1800	REH	70
20251114	1800	SNO	적설없음
20251114	1900	TMP	8
20251114	1900	UUU	0.6
20251114	1900	VVV	-0.8
20251114	1900	VEC	323
20251114	1900	WSD	1
20251114	1900	SKY	1
20251114	1900	PTY	0
20251114	1900	POP	0
20251114	1900	WAV	-999
20251114	1900	PCP	강수없음
20251114	1900	REH	75
20251114	1900	SNO	적설없음
20251114	2000	TMP	7
20251114	2000	UUU	0.6
20251114	2000	VVV	-0.9
20251114	2000	VEC	326
20251114	2000	WSD	1.1
20251114	2000	SKY	1
20251114	2000	PTY	0
20251114	2000	POP	0
20251114	2000	WAV	-999
20251114	2000	PCP	강수없음
20251114	2000	REH	75
20251114	2000	SNO	적설없음
20251114	2100	TMP	6
20251114	2100	UUU	0.5
20251114	2100	VVV	-1
20251114	2100	VEC	333
20251114	2100	WSD	1.1
20251114	2100	SKY	1
20251114	2100	PTY	0
20251114	2100	POP	0
20251114	2100	WAV	-999
20251114	2100	PCP	강수없음
20251114	2100	REH	80
20251114	2100	SNO	적설없음
20251114	2200	TMP	5
20251114	2200	UUU	0.6
20251114	2200	VVV	-1
20251114	2200	VEC	329
20251114	2200	WSD	1.2
20251114	2200	SKY	1
20251114	2200	PTY	0
20251114	2200	POP	0
20251114	2200	WAV	-999
20251114	2200	PCP	강수없음
20251114	2200	REH	80
20251114	2200	SNO	적설없음
20251114	2300	TMP	5
20251114	2300	UUU	0.6
20251114	2300	VVV	-0.8
20251114	2300	VEC	323
20251114	2300	WSD	1
20251114	2300	SKY	1
20251114	2300	PTY	0
20251114	2300	POP	0
20251114	2300	WAV	-999
20251114	2300	PCP	강수없음
20251114	2300	REH	80
20251114	2300	SNO	적설없음
20251115	0000	TMP	4
20251115	0000	UUU	0.6
20251115	0000	VVV	-0.8
20251115	0000	VEC	323
20251115	0000	WSD	1
20251115	0000	SKY	1
20251115	0000	PTY	0
20251115	0000	POP	0
20251115	0000	WAV	-999
20251115	0000	PCP	강수없음
20251115	0000	REH	85
20251115	0000	SNO	적설없음
20251115	0100	TMP	3
20251115	0100	UUU	0.4
20251115	0100	VVV	-0.9
20251115	0100	VEC	336
20251115	0100	WSD	1
20251115	0100	SKY	1
20251115	0100	PTY	0
20251115	0100	POP	0
20251115	0100	WAV	-999
20251115	0100	PCP	강수없음
20251115	0100	REH	90
20251115	0100	SNO	적설없음
20251115	0200	TMP	3
20251115	0200	UUU	0.3
20251115	0200	VVV	-1
20251115	0200	VEC	343
20251115	0200	WSD	1
20251115	0200	SKY	1
20251115	0200	PTY	0
20251115	0200	POP	0
20251115	0200	WAV	-999
20251115	0200	PCP	강수없음
20251115	0200	REH	90
20251115	0200	SNO	적설없음
20251115	0300	TMP	3
20251115	0300	UUU	0.3
20251115	0300	VVV	-0.9
20251115	0300	VEC	342
20251115	0300	WSD	0.9
20251115	0300	SKY	1
20251115	0300	PTY	0
20251115	0300	POP	0
20251115	0300	WAV	-999
20251115	0300	PCP	강수없음
20251115	0300	REH	90
20251115	0300	SNO	적설없음
20251115	0400	TMP	2
20251115	0400	UUU	0.2
20251115	0400	VVV	-0.8
20251115	0400	VEC	346
20251115	0400	WSD	0.8
20251115	0400	SKY	1
20251115	0400	PTY	0
20251115	0400	POP	0
20251115	0400	WAV	-999
20251115	0400	PCP	강수없음
20251115	0400	REH	90
20251115	0400	SNO	적설없음
20251115	0500	TMP	2
20251115	0500	UUU	0
20251115	0500	VVV	-0.8
20251115	0500	VEC	360
20251115	0500	WSD	0.8
20251115	0500	SKY	1
20251115	0500	PTY	0
20251115	0500	POP	0
20251115	0500	WAV	-999
20251115	0500	PCP	강수없음
20251115	0500	REH	85
20251115	0500	SNO	적설없음
20251115	0600	TMP	2
20251115	0600	UUU	-0.1
20251115	0600	VVV	-0.7
20251115	0600	VEC	16
20251115	0600	WSD	0.7
20251115	0600	SKY	1
20251115	0600	PTY	0
20251115	0600	POP	0
20251115	0600	WAV	-999
20251115	0600	PCP	강수없음
20251115	0600	REH	85
20251115	0600	SNO	적설없음
20251115	0600	TMN	0.0
20251115	0700	TMP	2
20251115	0700	UUU	-0.4
20251115	0700	VVV	-0.3
20251115	0700	VEC	59
20251115	0700	WSD	0.6
20251115	0700	SKY	1
20251115	0700	PTY	0
20251115	0700	POP	0
20251115	0700	WAV	-999
20251115	0700	PCP	강수없음
20251115	0700	REH	85
20251115	0700	SNO	적설없음
20251115	0800	TMP	3
20251115	0800	UUU	-0.6
20251115	0800	VVV	-0.2
20251115	0800	VEC	74
20251115	0800	WSD	0.7
20251115	0800	SKY	1
20251115	0800	PTY	0
20251115	0800	POP	0
20251115	0800	WAV	-999
20251115	0800	PCP	강수없음
20251115	0800	REH	80
20251115	0800	SNO	적설없음
20251115	0900	TMP	6
20251115	0900	UUU	-1
20251115	0900	VVV	-0.4
20251115	0900	VEC	70
20251115	0900	WSD	1.2
20251115	0900	SKY	1
20251115	0900	PTY	0
20251115	0900	POP	0
20251115	0900	WAV	-999
20251115	0900	PCP	강수없음
20251115	0900	REH	70
20251115	0900	SNO	적설없음
20251115	1000	TMP	9
20251115	1000	UUU	-1.3
20251115	1000	VVV	-0.6
20251115	1000	VEC	67
20251115	1000	WSD	1.5
20251115	1000	SKY	1
20251115	1000	PTY	0
20251115	1000	POP	0
20251115	1000	WAV	-999
20251115	1000	PCP	강수없음
20251115	1000	REH	60
20251115	1000	SNO	적설없음
20251115	1100	TMP	11
20251115	1100	UUU	-1.1
20251115	1100	VVV	-0.5
20251115	1100	VEC	67
20251115	1100	WSD	1.3
20251115	1100	SKY	1
20251115	1100	PTY	0
20251115	1100	POP	0
20251115	1100	WAV	-999
20251115	1100	PCP	강수없음
20251115	1100	REH	55
20251115	1100	SNO	적설없음
20251115	1200	TMP	12
20251115	1200	UUU	-0.5
20251115	1200	VVV	0
20251115	1200	VEC	90
20251115	1200	WSD	0.6
20251115	1200	SKY	1
20251115	1200	PTY	0
20251115	1200	POP	0
20251115	1200	WAV	-999
20251115	1200	PCP	강수없음
20251115	1200	REH	45
20251115	1200	SNO	적설없음
20251115	1300	TMP	14
20251115	1300	UUU	0.6
20251115	1300	VVV	0.6
20251115	1300	VEC	225
20251115	1300	WSD	0.8
20251115	1300	SKY	1
20251115	1300	PTY	0
20251115	1300	POP	0
20251115	1300	WAV	-999
20251115	1300	PCP	강수없음
20251115	1300	REH	40
20251115	1300	SNO	적설없음
20251115	1400	TMP	14
20251115	1400	UUU	1.2
20251115	1400	VVV	1
20251115	1400	VEC	230
20251115	1400	WSD	1.6
20251115	1400	SKY	1
20251115	1400	PTY	0
20251115	1400	POP	0
20251115	1400	WAV	-999
20251115	1400	PCP	강수없음
20251115	1400	REH	45
20251115	1400	SNO	적설없음
20251115	1500	TMP	14
20251115	1500	UUU	1.4
20251115	1500	VVV	1.2
20251115	1500	VEC	229
20251115	1500	WSD	1.8
20251115	1500	SKY	1
20251115	1500	PTY	0
20251115	1500	POP	0
20251115	1500	WAV	-999
20251115	1500	PCP	강수없음
20251115	1500	REH	45
20251115	1500	SNO	적설없음
20251115	1500	TMX	15.0
20251115	1600	TMP	14
20251115	1600	UUU	1.1
20251115	1600	VVV	1.1
20251115	1600	VEC	225
20251115	1600	WSD	1.6
20251115	1600	SKY	1
20251115	1600	PTY	0
20251115	1600	POP	0
20251115	1600	WAV	-999
20251115	1600	PCP	강수없음
20251115	1600	REH	50
20251115	1600	SNO	적설없음
20251115	1700	TMP	12
20251115	1700	UUU	0.5
20251115	1700	VVV	0.8
20251115	1700	VEC	212
20251115	1700	WSD	0.9
20251115	1700	SKY	1
20251115	1700	PTY	0
20251115	1700	POP	0
20251115	1700	WAV	-999
20251115	1700	PCP	강수없음
20251115	1700	REH	70
20251115	1700	SNO	적설없음
20251115	1800	TMP	10
20251115	1800	UUU	0.1
20251115	1800	VVV	1
20251115	1800	VEC	186
20251115	1800	WSD	1
20251115	1800	SKY	1
20251115	1800	PTY	0
20251115	1800	POP	0
20251115	1800	WAV	-999
20251115	1800	PCP	강수없음
20251115	1800	REH	75
20251115	1800	SNO	적설없음
20251115	1900	TMP	9
20251115	1900	UUU	-0.4
20251115	1900	VVV	1
20251115	1900	VEC	153
20251115	1900	WSD	1.1
20251115	1900	SKY	1
20251115	1900	PTY	0
20251115	1900	POP	0
20251115	1900	WAV	-999
20251115	1900	PCP	강수없음
20251115	1900	REH	80
20251115	1900	SNO	적설없음
20251115	2000	TMP	8
20251115	2000	UUU	-0.6
20251115	2000	VVV	1.1
20251115	2000	VEC	148
20251115	2000	WSD	1.3
20251115	2000	SKY	1
20251115	2000	PTY	0
20251115	2000	POP	0
20251115	2000	WAV	-999
20251115	2000	PCP	강수없음
20251115	2000	REH	80
20251115	2000	SNO	적설없음
20251115	2100	TMP	8
20251115	2100	UUU	-0.7
20251115	2100	VVV	0.8
20251115	2100	VEC	135
20251115	2100	WSD	1.1
20251115	2100	SKY	3
20251115	2100	PTY	0
20251115	2100	POP	20
20251115	2100	WAV	-999
20251115	2100	PCP	강수없음
20251115	2100	REH	80
20251115	2100	SNO	적설없음
20251115	2200	TMP	7
20251115	2200	UUU	-0.9
20251115	2200	VVV	0.9
20251115	2200	VEC	132
20251115	2200	WSD	1.3
20251115	2200	SKY	4
20251115	2200	PTY	0
20251115	2200	POP	30
20251115	2200	WAV	-999
20251115	2200	PCP	강수없음
20251115	2200	REH	80
20251115	2200	SNO	적설없음
20251115	2300	TMP	7
20251115	2300	UUU	-1.1
20251115	2300	VVV	0.9
20251115	2300	VEC	127
20251115	2300	WSD	1.5
20251115	2300	SKY	1
20251115	2300	PTY	0
20251115	2300	POP	0
20251115	2300	WAV	-999
20251115	2300	PCP	강수없음
20251115	2300	REH	80
20251115	2300	SNO	적설없음
20251116	0000	TMP	6
20251116	0000	UUU	-1.1
20251116	0000	VVV	1.1
20251116	0000	VEC	133
20251116	0000	WSD	1.6
20251116	0000	SKY	1
20251116	0000	PTY	0
20251116	0000	POP	0
20251116	0000	WAV	-999
20251116	0000	PCP	강수없음
20251116	0000	REH	85
20251116	0000	SNO	적설없음
20251116	0100	TMP	6
20251116	0100	UUU	-1
20251116	0100	VVV	0.9
20251116	0100	VEC	129
20251116	0100	WSD	1.4
20251116	0100	SKY	1
20251116	0100	PTY	0
20251116	0100	POP	0
20251116	0100	WAV	-999
20251116	0100	PCP	0
20251116	0100	REH	80
20251116	0100	SNO	0
20251116	0200	TMP	6
20251116	0200	UUU	-1.1
20251116	0200	VVV	0.9
20251116	0200	VEC	127
20251116	0200	WSD	1.5
20251116	0200	SKY	1
20251116	0200	PTY	0
20251116	0200	POP	0
20251116	0200	WAV	-999
20251116	0200	PCP	0
20251116	0200	REH	85
20251116	0200	SNO	0
20251116	0300	TMP	6
20251116	0300	UUU	-1.2
20251116	0300	VVV	1
20251116	0300	VEC	128
20251116	0300	WSD	1.6
20251116	0300	SKY	1
20251116	0300	PTY	0
20251116	0300	POP	0
20251116	0300	WAV	-999
20251116	0300	PCP	0
20251116	0300	REH	85
20251116	0300	SNO	0
20251116	0400	TMP	5
20251116	0400	UUU	-1.1
20251116	0400	VVV	1.4
20251116	0400	VEC	139
20251116	0400	WSD	1.8
20251116	0400	SKY	3
20251116	0400	PTY	0
20251116	0400	POP	20
20251116	0400	WAV	-999
20251116	0400	PCP	0
20251116	0400	REH	85
20251116	0400	SNO	0
20251116	0500	TMP	6
20251116	0500	UUU	-1.2
20251116	0500	VVV	1.6
20251116	0500	VEC	141
20251116	0500	WSD	2.1
20251116	0500	SKY	1
20251116	0500	PTY	0
20251116	0500	POP	0
20251116	0500	WAV	-999
20251116	0500	PCP	0
20251116	0500	REH	80
20251116	0500	SNO	0
20251116	0600	TMP	6
20251116	0600	UUU	-1.4
20251116	0600	VVV	1.6
20251116	0600	VEC	137
20251116	0600	WSD	2.2
20251116	0600	SKY	1
20251116	0600	PTY	0
20251116	0600	POP	0
20251116	0600	WAV	-999
20251116	0600	PCP	0
20251116	0600	REH	80
20251116	0600	SNO	0
20251116	0600	TMN	4.0
20251116	0700	TMP	6
20251116	0700	UUU	-1.5
20251116	0700	VVV	1.5
20251116	0700	VEC	133
20251116	0700	WSD	2.2
20251116	0700	SKY	1
20251116	0700	PTY	0
20251116	0700	POP	0
20251116	0700	WAV	-999
20251116	0700	PCP	0
20251116	0700	REH	75
20251116	0700	SNO	0
20251116	0800	TMP	6
20251116	0800	UUU	-1.3
20251116	0800	VVV	1.8
20251116	0800	VEC	142
20251116	0800	WSD	2.3
20251116	0800	SKY	1
20251116	0800	PTY	0
20251116	0800	POP	0
20251116	0800	WAV	-999
20251116	0800	PCP	0
20251116	0800	REH	75
20251116	0800	SNO	0
20251116	0900	TMP	8
20251116	0900	UUU	-0.9
20251116	0900	VVV	2.5
20251116	0900	VEC	158
20251116	0900	WSD	2.7
20251116	0900	SKY	1
20251116	0900	PTY	0
20251116	0900	POP	0
20251116	0900	WAV	-999
20251116	0900	PCP	0
20251116	0900	REH	65
20251116	0900	SNO	0
20251116	1000	TMP	11
20251116	1000	UUU	-0.4
20251116	1000	VVV	3.3
20251116	1000	VEC	171
20251116	1000	WSD	3.3
20251116	1000	SKY	1
20251116	1000	PTY	0
20251116	1000	POP	0
20251116	1000	WAV	-999
20251116	1000	PCP	0
20251116	1000	REH	55
20251116	1000	SNO	0
20251116	1100	TMP	13
20251116	1100	UUU	0
20251116	1100	VVV	4.1
20251116	1100	VEC	180
20251116	1100	WSD	4.1
20251116	1100	SKY	1
20251116	1100	PTY	0
20251116	1100	POP	0
20251116	1100	WAV	-999
20251116	1100	PCP	0
20251116	1100	REH	55
20251116	1100	SNO	0
20251116	1200	TMP	14
20251116	1200	UUU	1.8
20251116	1200	VVV	4.8
20251116	1200	VEC	201
20251116	1200	WSD	5.1
20251116	1200	SKY	1
20251116	1200	PTY	0
20251116	1200	POP	0
20251116	1200	WAV	-999
20251116	1200	PCP	0
20251116	1200	REH	55
20251116	1200	SNO	0
20251116	1300	TMP	15
20251116	1300	UUU	3
20251116	1300	VVV	4.1
20251116	1300	VEC	216
20251116	1300	WSD	5.1
20251116	1300	SKY	1
20251116	1300	PTY	0
20251116	1300	POP	0
20251116	1300	WAV	-999
20251116	1300	PCP	0
20251116	1300	REH	55
20251116	1300	SNO	0
20251116	1400	TMP	15
20251116	1400	UUU	3.9
20251116	1400	VVV	4
20251116	1400	VEC	224
20251116	1400	WSD	5.6
20251116	1400	SKY	1
20251116	1400	PTY	0
20251116	1400	POP	0
20251116	1400	WAV	-999
20251116	1400	PCP	0
20251116	1400	REH	55
20251116	1400	SNO	0
20251116	1500	TMP	16
20251116	1500	UUU	4.3
20251116	1500	VVV	3.5
20251116	1500	VEC	231
20251116	1500	WSD	5.5
20251116	1500	SKY	1
20251116	1500	PTY	0
20251116	1500	POP	0
20251116	1500	WAV	-999
20251116	1500	PCP	0
20251116	1500	REH	60
20251116	1500	SNO	0
20251116	1500	TMX	16.0
20251116	1600	TMP	15
20251116	1600	UUU	4.9
20251116	1600	VVV	2.8
20251116	1600	VEC	240
20251116	1600	WSD	5.6
20251116	1600	SKY	1
20251116	1600	PTY	0
20251116	1600	POP	0
20251116	1600	WAV	-999
20251116	1600	PCP	0
20251116	1600	REH	70
20251116	1600	SNO	0
20251116	1700	TMP	14
20251116	1700	UUU	4.3
20251116	1700	VVV	0.9
20251116	1700	VEC	258
20251116	1700	WSD	4.4
20251116	1700	SKY	1
20251116	1700	PTY	0
20251116	1700	POP	0
20251116	1700	WAV	-999
20251116	1700	PCP	0
20251116	1700	REH	75
20251116	1700	SNO	0
20251116	1800	TMP	13
20251116	1800	UUU	4.1
20251116	1800	VVV	-2.8
20251116	1800	VEC	304
20251116	1800	WSD	5
20251116	1800	SKY	4
20251116	1800	PTY	1
20251116	1800	POP	60
20251116	1800	WAV	-999
20251116	1800	PCP	1.1
20251116	1800	REH	80
20251116	1800	SNO	0
20251116	1900	TMP	13
20251116	1900	UUU	3.3
20251116	1900	VVV	-1.6
20251116	1900	VEC	296
20251116	1900	WSD	3.7
20251116	1900	SKY	4
20251116	1900	PTY	0
20251116	1900	POP	30
20251116	1900	WAV	-999
20251116	1900	PCP	0
20251116	1900	REH	80
20251116	1900	SNO	0
20251116	2000	TMP	12
20251116	2000	UUU	3.2
20251116	2000	VVV	-2
20251116	2000	VEC	302
20251116	2000	WSD	3.8
20251116	2000	SKY	4
20251116	2000	PTY	0
20251116	2000	POP	30
20251116	2000	WAV	-999
20251116	2000	PCP	0
20251116	2000	REH	90
20251116	2000	SNO	0
20251116	2100	TMP	12
20251116	2100	UUU	3
20251116	2100	VVV	-1.8
20251116	2100	VEC	301
20251116	2100	WSD	3.5
20251116	2100	SKY	4
20251116	2100	PTY	0
20251116	2100	POP	30
20251116	2100	WAV	-999
20251116	2100	PCP	0
20251116	2100	REH	90
20251116	2100	SNO	0
20251116	2200	TMP	10
20251116	2200	UUU	2.8
20251116	2200	VVV	-2
20251116	2200	VEC	306
20251116	2200	WSD	3.4
20251116	2200	SKY	4
20251116	2200	PTY	0
20251116	2200	POP	30
20251116	2200	WAV	-999
20251116	2200	PCP	0
20251116	2200	REH	90
20251116	2200	SNO	0
20251116	2300	TMP	8
20251116	2300	UUU	2.6
20251116	2300	VVV	-2.1
20251116	2300	VEC	309
20251116	2300	WSD	3.3
20251116	2300	SKY	4
20251116	2300	PTY	0
20251116	2300	POP	30
20251116	2300	WAV	-999
20251116	2300	PCP	0
20251116	2300	REH	75
20251116	2300	SNO	0
20251117	0000	TMP	7
20251117	0000	UUU	2
20251117	0000	VVV	-3
20251117	0000	VEC	326
20251117	0000	WSD	3.6
20251117	0000	SKY	1
20251117	0000	PTY	0
20251117	0000	POP	0
20251117	0000	WAV	-999
20251117	0000	PCP	0
20251117	0000	REH	70
20251117	0000	SNO	0
20251117	0300	TMP	3
20251117	0300	UUU	2.5
20251117	0300	VVV	-3.5
20251117	0300	VEC	324
20251117	0300	WSD	2
20251117	0300	SKY	1
20251117	0300	PTY	0
20251117	0300	POP	0
20251117	0300	WAV	-999
20251117	0300	PCP	0
20251117	0300	REH	50
20251117	0300	SNO	0
20251117	0600	TMP	2
20251117	0600	UUU	1.7
20251117	0600	VVV	-1.8
20251117	0600	VEC	317
20251117	0600	WSD	1
20251117	0600	SKY	3
20251117	0600	PTY	0
20251117	0600	POP	20
20251117	0600	WAV	-999
20251117	0600	PCP	0
20251117	0600	REH	45
20251117	0600	SNO	0
20251117	0600	TMN	0.0
20251117	0900	TMP	3
20251117	0900	UUU	2.8
20251117	0900	VVV	-3.2
20251117	0900	VEC	319
20251117	0900	WSD	2
20251117	0900	SKY	3
20251117	0900	PTY	0
20251117	0900	POP	20
20251117	0900	WAV	-999
20251117	0900	PCP	0
20251117	0900	REH	50
20251117	0900	SNO	0
20251117	1200	TMP	5
20251117	1200	UUU	4.7
20251117	1200	VVV	-4
20251117	1200	VEC	310
20251117	1200	WSD	2
20251117	1200	SKY	3
20251117	1200	PTY	0
20251117	1200	POP	20
20251117	1200	WAV	-999
20251117	1200	PCP	0
20251117	1200	REH	45
20251117	1200	SNO	0
20251117	1500	TMP	4
20251117	1500	UUU	4.2
20251117	1500	VVV	-3.5
20251117	1500	VEC	310
20251117	1500	WSD	2
20251117	1500	SKY	1
20251117	1500	PTY	0
20251117	1500	POP	10
20251117	1500	WAV	-999
20251117	1500	PCP	0
20251117	1500	REH	45
20251117	1500	SNO	0
20251117	1500	TMX	5.0
20251117	1800	TMP	2
20251117	1800	UUU	2.4
20251117	1800	VVV	-3
20251117	1800	VEC	321
20251117	1800	WSD	2
20251117	1800	SKY	1
20251117	1800	PTY	0
20251117	1800	POP	0
20251117	1800	WAV	-999
20251117	1800	PCP	0
20251117	1800	REH	55
20251117	1800	SNO	0
20251117	2100	TMP	0
20251117	2100	UUU	2.3
20251117	2100	VVV	-2.1
20251117	2100	VEC	312
20251117	2100	WSD	1
20251117	2100	SKY	1
20251117	2100	PTY	0
20251117	2100	POP	0
